?- tell('n2m3_max_poss_with_inequality_index.txt' ).
true.

?- A=[a,b,c], mapz( transitive(A, []), [ ], F:C ), length( F, N ), N>11, length(C, K), K=2, write_inequality_index( F ), nl, d_triple( A, Y ), findall( Z, order_as_concat( Y, _, _, Z ), L ), findall( P, ( member( P, C ), P=[X|_], order_as_concat( Y, _, _, X ) ), Cx), Cx\=[ ], findall( Ax - FBx, ( swf_value_in_triple( F, FA, FB, FC ), concat_order_profile( FC, FA, Ax ), ( member( Ax, Cx ) -> FBx = '*' ; order_as_concat( FC, _, FB, FBx ) ) ), H ), show_swf( L, H ), fail ; told.
true.


inequality(1.5)=27/18

	[1,2,3,4,5,6];
1:abc	[1,1,1,1,1,1];
2:acb	[1,2,1,1,2,2];
3:bac	[1,1,3,3,1,3];
4:bca	[1,1,3,4,-,4];
5:cab	[1,2,1,-,5,5];
6:cba	[1,2,3,4,5,6];

inequality(1.4444444444444444)=26/18

	[1,2,3,4,5,6];
1:abc	[1,1,1,1,1,1];
2:acb	[2,2,2,2,2,2];
3:bac	[1,1,3,3,1,3];
4:bca	[1,1,3,4,-,4];
5:cab	[2,2,2,5,5,5];
6:cba	[2,2,-,6,5,6];

inequality(1.5555555555555556)=28/18

	[1,2,3,4,5,6];
1:abc	[1,2,1,1,2,2];
2:acb	[1,2,1,1,2,2];
3:bac	[1,2,3,3,2,-];
4:bca	[1,2,3,4,5,6];
5:cab	[1,2,1,-,5,5];
6:cba	[1,2,3,4,5,6];

inequality(1.5)=27/18

	[1,2,3,4,5,6];
1:abc	[1,2,1,1,2,2];
2:acb	[2,2,2,2,2,2];
3:bac	[1,2,3,3,2,-];
4:bca	[1,2,3,4,5,6];
5:cab	[2,2,2,5,5,5];
6:cba	[2,2,-,6,5,6];

inequality(1.4444444444444444)=26/18

	[1,2,3,4,5,6];
1:abc	[1,2,1,1,2,2];
2:acb	[2,2,2,2,2,2];
3:bac	[1,2,3,3,2,-];
4:bca	[-,5,4,4,5,6];
5:cab	[5,5,5,5,5,5];
6:cba	[5,5,6,6,5,6];

inequality(1.4444444444444444)=26/18

	[1,2,3,4,5,6];
1:abc	[1,1,1,1,1,1];
2:acb	[1,2,1,1,2,2];
3:bac	[3,3,3,3,3,3];
4:bca	[3,3,3,4,4,4];
5:cab	[1,2,1,-,5,5];
6:cba	[3,-,3,4,6,6];

inequality(1.5555555555555556)=28/18

	[1,2,3,4,5,6];
1:abc	[1,2,1,-,5,5];
2:acb	[2,2,2,5,5,5];
3:bac	[1,2,3,4,5,6];
4:bca	[1,2,3,4,5,6];
5:cab	[2,2,2,5,5,5];
6:cba	[2,2,-,6,5,6];

inequality(1.5)=27/18

	[1,2,3,4,5,6];
1:abc	[1,2,1,-,5,5];
2:acb	[2,2,2,5,5,5];
3:bac	[1,2,3,4,5,6];
4:bca	[-,5,4,4,5,6];
5:cab	[5,5,5,5,5,5];
6:cba	[5,5,6,6,5,6];

inequality(1.4444444444444444)=26/18

	[1,2,3,4,5,6];
1:abc	[1,2,1,-,5,5];
2:acb	[2,2,2,5,5,5];
3:bac	[3,-,3,4,6,6];
4:bca	[4,6,4,4,6,6];
5:cab	[5,5,5,5,5,5];
6:cba	[6,6,6,6,6,6];

inequality(1.5555555555555556)=28/18

	[1,2,3,4,5,6];
1:abc	[1,1,3,3,1,3];
2:acb	[1,2,3,3,2,-];
3:bac	[1,1,3,3,1,3];
4:bca	[1,1,3,4,-,4];
5:cab	[1,2,3,4,5,6];
6:cba	[1,2,3,4,5,6];

inequality(1.5)=27/18

	[1,2,3,4,5,6];
1:abc	[1,1,3,3,1,3];
2:acb	[1,2,3,3,2,-];
3:bac	[3,3,3,3,3,3];
4:bca	[3,3,3,4,4,4];
5:cab	[1,2,3,4,5,6];
6:cba	[3,-,3,4,6,6];

inequality(1.4444444444444444)=26/18

	[1,2,3,4,5,6];
1:abc	[1,1,3,3,1,3];
2:acb	[1,2,3,3,2,-];
3:bac	[3,3,3,3,3,3];
4:bca	[4,4,4,4,4,4];
5:cab	[-,5,4,4,5,6];
6:cba	[4,6,4,4,6,6];

inequality(1.5555555555555556)=28/18

	[1,2,3,4,5,6];
1:abc	[1,2,3,4,5,6];
2:acb	[2,2,-,6,5,6];
3:bac	[1,2,3,4,5,6];
4:bca	[-,5,4,4,5,6];
5:cab	[5,5,6,6,5,6];
6:cba	[5,5,6,6,5,6];

inequality(1.5555555555555556)=28/18

	[1,2,3,4,5,6];
1:abc	[1,1,3,4,-,4];
2:acb	[1,2,3,4,5,6];
3:bac	[3,3,3,4,4,4];
4:bca	[3,3,3,4,4,4];
5:cab	[1,2,3,4,5,6];
6:cba	[3,-,3,4,6,6];

inequality(1.5)=27/18

	[1,2,3,4,5,6];
1:abc	[1,1,3,4,-,4];
2:acb	[1,2,3,4,5,6];
3:bac	[3,3,3,4,4,4];
4:bca	[4,4,4,4,4,4];
5:cab	[-,5,4,4,5,6];
6:cba	[4,6,4,4,6,6];

inequality(1.4444444444444444)=26/18

	[1,2,3,4,5,6];
1:abc	[1,1,3,4,-,4];
2:acb	[2,2,-,6,5,6];
3:bac	[3,3,3,4,4,4];
4:bca	[4,4,4,4,4,4];
5:cab	[5,5,6,6,5,6];
6:cba	[6,6,6,6,6,6];

inequality(1.5555555555555556)=28/18

	[1,2,3,4,5,6];
1:abc	[1,2,3,4,5,6];
2:acb	[1,2,3,4,5,6];
3:bac	[3,-,3,4,6,6];
4:bca	[4,6,4,4,6,6];
5:cab	[-,5,4,4,5,6];
6:cba	[4,6,4,4,6,6];

inequality(1.5)=27/18

	[1,2,3,4,5,6];
1:abc	[1,2,3,4,5,6];
2:acb	[2,2,-,6,5,6];
3:bac	[3,-,3,4,6,6];
4:bca	[4,6,4,4,6,6];
5:cab	[5,5,6,6,5,6];
6:cba	[6,6,6,6,6,6];
